60 158
73
6 34 0 0
13 3 27 148
5 13 48 95
12 10 32 87
12 10 43 19
7 6 16 0
15 6 13 136
7 25 9 0
15 25 7 48
12 21 1 128
16 7 44 88
5 16 55 33
3 21 53 95
5 21 49 29
5 7 36 13
5 5 45 150
4 1 37 0
10 4 43 111
13 6 42 13
13 12 22 48
9 12 12 80
6 23 22 12
3 7 56 2
5 7 52 55
1 2 43 151
10 2 50 150
6 6 54 132
5 6 14 143
7 14 28 2
6 14 15 98
3 16 24 142
5 16 19 142
14 6 5 149
5 14 42 115
13 14 47 116
3 2 56 0
7 3 41 105
2 11 1 106
7 11 21 107
7 6 20 92
6 6 27 151
14 33 28 111
4 12 37 1
3 12 53 0
18 16 3 112
3 12 40 24
12 18 48 70
4 4 56 107
3 4 50 0
1 3 59 0
2 3 58 11
9 6 51 152
9 6 34 152
1 6 43 129
2 6 23 2
7 5 34 103
18 5 40 50
9 3 40 61
9 3 41 0
18 9 42 141
5 6 18 6
2 6 22 35
12 2 23 0
9 2 39 97
3 8 55 12
9 8 49 62
10 9 44 132
5 3 55 138
2 3 35 0
18 3 35 108
7 3 43 3
3 2 6 0
9 2 51 130
