19 38
14
3 3 16 0
3 4 13 0
3 5 10 0
3 6 7 7
3 7 7 0
3 8 6 30
3 9 6 21
3 10 4 11
3 11 4 0
3 13 3 21
3 19 0 19
4 5 0 14
4 6 0 8
4 8 0 0
% time elapsed: 2.00 s
----------
19 37
14
3 3 16 0
3 4 13 0
3 5 10 0
3 6 7 9
3 7 3 30
3 8 6 29
3 9 7 0
3 10 6 19
3 11 3 19
3 13 0 19
3 19 4 0
4 5 0 14
4 6 0 8
4 8 0 0
% time elapsed: 2.00 s
----------
19 36
14
3 3 16 0
3 4 13 0
3 5 10 0
3 6 3 30
3 7 6 29
3 8 7 9
3 9 7 0
3 10 6 19
3 11 3 19
3 13 0 19
3 19 4 0
4 5 0 14
4 6 0 8
4 8 0 0
% time elapsed: 2.00 s
----------
19 34
14
3 3 16 0
3 4 13 0
3 5 10 0
3 6 9 24
3 7 7 17
3 8 7 9
3 9 7 0
3 10 6 24
3 11 3 19
3 13 0 19
3 19 4 0
4 5 0 14
4 6 0 8
4 8 0 0
% time elapsed: 2.00 s
----------
19 33
14
3 3 16 0
3 4 13 0
3 5 10 0
3 6 7 17
3 7 9 23
3 8 7 9
3 9 7 0
3 10 6 23
3 11 3 19
3 13 0 19
3 19 4 0
4 5 0 14
4 6 0 8
4 8 0 0
% time elapsed: 2.01 s
----------
19 32
14
3 3 16 0
3 4 13 0
3 5 10 0
3 6 9 24
3 7 9 17
3 8 7 9
3 9 7 0
3 10 6 19
3 11 3 19
3 13 0 19
3 19 4 0
4 5 0 14
4 6 0 8
4 8 0 0
% time elapsed: 2.01 s
----------
19 30
14
3 3 16 0
3 4 13 0
3 5 10 6
3 6 10 0
3 7 9 21
3 8 7 13
3 9 6 21
3 10 3 19
3 11 0 19
3 13 7 0
3 19 4 0
4 5 0 14
4 6 0 8
4 8 0 0
% time elapsed: 2.01 s
----------
19 29
14
3 3 16 0
3 4 13 0
3 5 6 24
3 6 10 15
3 7 10 8
3 8 10 0
3 9 3 19
3 10 0 19
3 11 7 13
3 13 7 0
3 19 4 0
4 5 0 14
4 6 0 8
4 8 0 0
% time elapsed: 2.01 s
----------
19 28
14
3 3 16 0
3 4 13 0
3 5 10 23
3 6 10 17
3 7 10 10
3 8 3 19
3 9 0 19
3 10 10 0
3 11 7 13
3 13 7 0
3 19 4 0
4 5 0 14
4 6 0 8
4 8 0 0
% time elapsed: 2.01 s
----------
19 27
14
3 3 16 0
3 4 13 5
3 5 13 0
3 6 10 19
3 7 3 19
3 8 0 19
3 9 10 10
3 10 10 0
3 11 7 13
3 13 7 0
3 19 4 0
4 5 0 14
4 6 0 8
4 8 0 0
% time elapsed: 2.01 s
----------
19 26
14
3 3 16 0
3 4 13 8
3 5 10 19
3 6 3 19
3 7 0 19
3 8 13 0
3 9 10 10
3 10 10 0
3 11 7 13
3 13 7 0
3 19 4 0
4 5 0 14
4 6 0 8
4 8 0 0
% time elapsed: 2.01 s
----------
19 25
14
3 3 16 0
3 4 10 19
3 5 3 19
3 6 0 19
3 7 13 8
3 8 13 0
3 9 10 10
3 10 10 0
3 11 7 13
3 13 7 0
3 19 4 0
4 5 0 14
4 6 0 8
4 8 0 0
% time elapsed: 2.01 s
----------
19 24
14
3 3 16 0
3 4 3 19
3 5 0 19
3 6 13 15
3 7 13 8
3 8 13 0
3 9 10 10
3 10 10 0
3 11 7 13
3 13 7 0
3 19 4 0
4 5 0 14
4 6 0 8
4 8 0 0
% time elapsed: 2.01 s
----------
19 23
14
3 3 3 19
3 4 0 19
3 5 16 0
3 6 13 15
3 7 13 8
3 8 13 0
3 9 10 11
3 10 7 13
3 11 10 0
3 13 7 0
3 19 4 0
4 5 0 14
4 6 0 8
4 8 0 0
% time elapsed: 2.01 s
----------
19 22
14
3 3 0 19
3 4 16 5
3 5 16 0
3 6 13 15
3 7 13 8
3 8 13 0
3 9 7 13
3 10 10 11
3 11 10 0
3 13 7 0
3 19 4 0
4 5 0 14
4 6 0 8
4 8 0 0
% time elapsed: 2.01 s
----------
19 21
14
3 3 16 10
3 4 16 6
3 5 13 16
3 6 16 0
3 7 13 9
3 8 7 13
3 9 13 0
3 10 10 11
3 11 10 0
3 13 7 0
3 19 4 0
4 5 0 14
4 6 0 8
4 8 0 0
% time elapsed: 2.02 s
----------
19 20
14
3 3 16 15
3 4 16 11
3 5 16 6
3 6 16 0
3 7 7 13
3 8 13 10
3 9 10 11
3 10 13 0
3 11 10 0
3 13 7 0
3 19 4 0
4 5 0 14
4 6 0 8
4 8 0 0
% time elapsed: 2.02 s
----------
19 19
14
3 3 16 16
3 4 16 12
3 5 16 7
3 6 7 13
3 7 16 0
3 8 10 11
3 9 13 10
3 10 13 0
3 11 10 0
3 13 7 0
3 19 4 0
4 5 0 14
4 6 0 8
4 8 0 0
% time elapsed: 2.02 s
----------
==========
% time elapsed: 2.03 s
