60 93
73
34 6 0 0
13 3 44 76
13 5 46 88
10 12 25 70
10 12 14 6
6 7 0 68
6 15 35 72
25 7 26 12
25 15 14 35
21 12 39 37
16 7 41 79
16 5 32 7
21 3 5 18
21 5 14 50
5 7 15 76
5 5 1 53
4 1 56 3
4 10 16 83
6 13 44 58
12 13 23 55
12 9 35 25
23 6 20 87
7 3 35 50
7 5 2 75
2 1 32 6
2 10 12 45
6 6 54 13
6 5 0 63
14 7 34 0
14 6 37 19
16 3 42 49
16 5 41 71
14 6 44 52
14 5 21 82
14 13 1 80
3 2 19 73
3 7 22 68
11 2 46 86
11 7 3 11
6 7 9 73
6 6 26 6
33 14 0 21
12 4 2 6
12 3 48 0
16 18 6 55
12 3 43 34
12 18 0 35
4 4 51 21
4 3 15 73
3 1 33 34
3 2 31 68
6 9 54 4
6 9 48 3
6 1 6 53
6 2 27 19
5 7 20 75
5 18 55 19
3 9 0 12
3 9 51 12
9 18 35 53
6 5 0 58
6 2 25 68
2 12 58 49
2 9 33 24
8 3 50 58
8 9 47 25
10 9 50 61
3 5 33 19
3 2 39 34
3 18 57 70
3 7 43 86
2 3 0 77
2 9 12 36
