20 40
14
3 3 4 0
3 4 14 33
3 5 14 28
3 6 17 31
3 7 17 24
3 8 13 0
3 9 10 0
3 10 17 14
3 11 7 0
3 17 14 11
4 3 15 37
4 9 6 18
4 11 16 0
4 17 0 0
% time elapsed: 2.12 s
----------
20 39
14
3 3 4 0
3 4 7 0
3 5 10 0
3 6 14 28
3 7 17 29
3 8 17 21
3 9 17 12
3 10 14 18
3 11 11 18
3 17 13 0
4 3 15 36
4 9 16 0
4 11 7 8
4 17 0 0
% time elapsed: 2.13 s
----------
20 38
14
3 3 17 0
3 4 14 0
3 5 11 0
3 6 8 0
3 7 4 31
3 8 7 25
3 9 7 16
3 10 7 6
3 11 4 20
3 17 4 3
4 3 4 0
4 9 0 28
4 11 0 17
4 17 0 0
% time elapsed: 2.14 s
----------
20 37
14
3 3 8 0
3 4 17 0
3 5 14 0
3 6 11 0
3 7 7 30
3 8 7 22
3 9 7 13
3 10 7 3
3 11 4 20
3 17 4 3
4 3 4 0
4 9 0 28
4 11 0 17
4 17 0 0
% time elapsed: 2.14 s
----------
20 36
14
3 3 17 0
3 4 14 0
3 5 11 0
3 6 10 8
3 7 7 29
3 8 8 0
3 9 7 20
3 10 4 26
3 11 7 9
3 17 4 9
4 3 0 28
4 9 4 0
4 11 0 17
4 17 0 0
% time elapsed: 2.14 s
----------
20 35
14
3 3 17 0
3 4 14 0
3 5 11 0
3 6 8 8
3 7 10 14
3 8 8 0
3 9 4 26
3 10 7 25
3 11 7 14
3 17 4 9
4 3 0 28
4 9 4 0
4 11 0 17
4 17 0 0
% time elapsed: 2.14 s
----------
20 34
14
3 3 17 0
3 4 14 0
3 5 11 0
3 6 10 16
3 7 10 9
3 8 4 26
3 9 8 0
3 10 7 20
3 11 7 9
3 17 4 9
4 3 0 28
4 9 4 0
4 11 0 17
4 17 0 0
% time elapsed: 2.14 s
----------
20 33
14
3 3 17 0
3 4 14 0
3 5 11 0
3 6 10 17
3 7 4 26
3 8 10 9
3 9 8 0
3 10 7 20
3 11 7 9
3 17 4 9
4 3 0 28
4 9 4 0
4 11 0 17
4 17 0 0
% time elapsed: 2.14 s
----------
20 32
14
3 3 17 0
3 4 14 0
3 5 11 0
3 6 4 26
3 7 10 17
3 8 10 9
3 9 8 0
3 10 7 20
3 11 7 9
3 17 4 9
4 3 0 28
4 9 4 0
4 11 0 17
4 17 0 0
% time elapsed: 2.14 s
----------
20 31
14
3 3 17 0
3 4 14 0
3 5 11 0
3 6 10 24
3 7 10 17
3 8 10 9
3 9 8 0
3 10 7 20
3 11 7 9
3 17 4 9
4 3 0 28
4 9 4 0
4 11 0 17
4 17 0 0
% time elapsed: 2.14 s
----------
20 30
14
3 3 17 0
3 4 14 0
3 5 11 13
3 6 11 7
3 7 11 0
3 8 10 19
3 9 8 10
3 10 8 0
3 11 7 19
3 17 4 12
4 3 4 9
4 9 4 0
4 11 0 17
4 17 0 0
% time elapsed: 2.14 s
----------
20 29
14
3 3 17 0
3 4 14 0
3 5 11 13
3 6 11 7
3 7 11 0
3 8 8 10
3 9 10 18
3 10 8 0
3 11 7 18
3 17 4 12
4 3 4 9
4 9 4 0
4 11 0 17
4 17 0 0
% time elapsed: 2.14 s
----------
20 28
14
3 3 17 0
3 4 14 0
3 5 4 23
3 6 13 15
3 7 11 8
3 8 11 0
3 9 10 17
3 10 7 17
3 11 4 12
3 17 8 0
4 3 4 9
4 9 4 0
4 11 0 17
4 17 0 0
% time elapsed: 2.14 s
----------
20 27
14
3 3 17 0
3 4 14 0
3 5 13 21
3 6 13 15
3 7 11 8
3 8 11 0
3 9 10 17
3 10 7 17
3 11 4 14
3 17 8 0
4 3 4 11
4 9 0 17
4 11 4 0
4 17 0 0
% time elapsed: 2.15 s
----------
20 26
14
3 3 17 0
3 4 14 5
3 5 14 0
3 6 13 17
3 7 11 10
3 8 10 17
3 9 7 17
3 10 11 0
3 11 4 14
3 17 8 0
4 3 4 11
4 9 0 17
4 11 4 0
4 17 0 0
% time elapsed: 2.15 s
----------
20 25
14
3 3 17 0
3 4 3 20
3 5 0 20
3 6 14 16
3 7 14 9
3 8 8 17
3 9 14 0
3 10 11 11
3 11 11 0
3 17 8 0
4 3 0 17
4 9 4 11
4 11 4 0
4 17 0 0
% time elapsed: 2.15 s
----------
20 24
14
3 3 3 20
3 4 0 20
3 5 17 0
3 6 14 17
3 7 8 17
3 8 14 9
3 9 14 0
3 10 11 11
3 11 11 0
3 17 8 0
4 3 0 17
4 9 4 11
4 11 4 0
4 17 0 0
% time elapsed: 2.15 s
----------
20 23
14
3 3 0 20
3 4 17 7
3 5 14 17
3 6 8 17
3 7 17 0
3 8 14 9
3 9 14 0
3 10 11 11
3 11 11 0
3 17 8 0
4 3 0 17
4 9 4 11
4 11 4 0
4 17 0 0
% time elapsed: 2.15 s
----------
20 22
14
3 3 17 13
3 4 14 17
3 5 8 17
3 6 17 7
3 7 17 0
3 8 14 9
3 9 14 0
3 10 11 11
3 11 11 0
3 17 8 0
4 3 0 17
4 9 4 11
4 11 4 0
4 17 0 0
% time elapsed: 2.15 s
----------
20 21
14
3 3 14 17
3 4 8 17
3 5 17 13
3 6 17 7
3 7 17 0
3 8 14 9
3 9 14 0
3 10 11 11
3 11 11 0
3 17 8 0
4 3 0 17
4 9 4 11
4 11 4 0
4 17 0 0
% time elapsed: 2.15 s
----------
20 20
14
3 3 8 17
3 4 14 16
3 5 17 15
3 6 14 10
3 7 17 8
3 8 17 0
3 9 11 11
3 10 14 0
3 11 11 0
3 17 8 0
4 3 0 17
4 9 4 11
4 11 4 0
4 17 0 0
% time elapsed: 2.15 s
----------
==========
% time elapsed: 2.16 s
%%%mzn-stat: nodes=1416
%%%mzn-stat: failures=632
%%%mzn-stat: restarts=25
%%%mzn-stat: variables=43662
%%%mzn-stat: intVars=2323
%%%mzn-stat: boolVariables=41337
%%%mzn-stat: propagators=1188
%%%mzn-stat: propagations=296586
%%%mzn-stat: peakDepth=53
%%%mzn-stat: nogoods=632
%%%mzn-stat: backjumps=306
%%%mzn-stat: peakMem=0.00
%%%mzn-stat: time=0.353
%%%mzn-stat: initTime=0.286
%%%mzn-stat: solveTime=0.067
%%%mzn-stat: objective=8000
%%%mzn-stat: optTime=0.066
%%%mzn-stat: baseMem=0.00
%%%mzn-stat: trailMem=0.04
%%%mzn-stat: randomSeed=1630251865
