17 34
12
3 3 9 18
3 4 11 3
3 5 14 26
3 6 14 19
3 7 14 12
3 8 14 3
3 9 7 0
4 3 9 10
4 8 1 8
4 14 5 10
7 3 10 0
7 6 0 0
% time elapsed: 1.50 s
----------
17 33
12
3 3 7 0
3 4 13 3
3 5 10 0
3 6 0 20
3 7 11 25
3 8 14 25
3 9 14 12
4 3 13 0
4 8 3 18
4 14 8 7
7 3 10 21
7 6 0 0
% time elapsed: 1.50 s
----------
17 32
12
3 3 13 11
3 4 11 7
3 5 9 27
3 6 8 6
3 7 11 0
3 8 5 6
3 9 14 0
4 3 7 0
4 8 8 19
4 14 12 17
7 3 8 14
7 6 0 0
% time elapsed: 1.50 s
----------
17 31
12
3 3 10 8
3 4 13 9
3 5 11 3
3 6 8 15
3 7 14 24
3 8 14 16
3 9 14 0
4 3 13 13
4 8 0 19
4 14 4 6
7 3 7 0
7 6 0 0
% time elapsed: 1.50 s
----------
17 30
12
3 3 7 0
3 4 9 18
3 5 10 3
3 6 11 22
3 7 8 22
3 8 5 22
3 9 14 21
4 3 8 9
4 8 1 18
4 14 13 6
7 3 10 0
7 6 0 0
% time elapsed: 1.51 s
----------
17 29
12
3 3 11 4
3 4 8 5
3 5 7 0
3 6 14 21
3 7 14 0
3 8 4 21
3 9 10 17
4 3 10 0
4 8 9 9
4 14 13 7
7 3 7 26
7 6 0 0
% time elapsed: 1.51 s
----------
17 28
12
3 3 14 22
3 4 14 4
3 5 7 0
3 6 11 22
3 7 10 0
3 8 9 11
3 9 8 19
4 3 13 0
4 8 0 18
4 14 12 8
7 3 5 7
7 6 0 0
% time elapsed: 1.51 s
----------
17 27
12
3 3 10 0
3 4 6 15
3 5 3 6
3 6 9 10
3 7 7 0
3 8 5 19
3 9 14 15
4 3 11 24
4 8 10 16
4 14 13 0
7 3 6 7
7 6 0 0
% time elapsed: 1.51 s
----------
17 26
12
3 3 7 0
3 4 6 14
3 5 8 20
3 6 11 20
3 7 10 10
3 8 5 18
3 9 14 17
4 3 10 17
4 8 0 18
4 14 13 3
7 3 10 0
7 6 0 0
% time elapsed: 1.51 s
----------
17 25
12
3 3 7 0
3 4 5 7
3 5 10 0
3 6 11 19
3 7 9 6
3 8 3 12
3 9 14 15
4 3 10 16
4 8 6 17
4 14 13 0
7 3 6 13
7 6 0 0
% time elapsed: 1.51 s
----------
17 24
12
3 3 7 0
3 4 0 20
3 5 6 11
3 6 0 14
3 7 10 3
3 8 3 15
3 9 14 15
4 3 13 7
4 8 6 16
4 14 10 10
7 3 10 0
7 6 0 0
% time elapsed: 1.52 s
----------
17 23
12
3 3 14 20
3 4 14 8
3 5 10 7
3 6 0 6
3 7 10 0
3 8 12 12
3 9 7 0
4 3 2 20
4 8 13 0
4 14 3 6
7 3 6 20
7 6 0 0
% time elapsed: 1.52 s
----------
17 22
12
3 3 14 16
3 4 14 11
3 5 10 7
3 6 6 11
3 7 10 0
3 8 11 14
3 9 7 0
4 3 13 8
4 8 13 0
4 14 0 7
7 3 4 18
7 6 0 0
% time elapsed: 1.52 s
----------
17 21
12
3 3 8 15
3 4 10 0
3 5 13 16
3 6 14 10
3 7 4 8
3 8 11 8
3 9 7 0
4 3 4 15
4 8 13 0
4 14 0 7
7 3 6 18
7 6 0 0
% time elapsed: 1.52 s
----------
17 20
12
3 3 0 7
3 4 8 14
3 5 14 15
3 6 14 9
3 7 11 13
3 8 14 0
3 9 11 0
4 3 4 14
4 8 3 6
4 14 7 0
7 3 1 17
7 6 0 0
% time elapsed: 1.52 s
----------
17 19
12
3 3 14 15
3 4 10 14
3 5 11 9
3 6 14 9
3 7 4 9
3 8 14 0
3 9 11 0
4 3 4 16
4 8 0 11
4 14 7 0
7 3 0 6
7 6 0 0
% time elapsed: 1.53 s
----------
17 18
12
3 3 14 12
3 4 8 14
3 5 14 7
3 6 4 9
3 7 14 0
3 8 11 9
3 9 11 0
4 3 4 15
4 8 0 9
4 14 7 0
7 3 0 6
7 6 0 0
% time elapsed: 1.53 s
----------
17 17
12
3 3 8 14
3 4 14 13
3 5 4 9
3 6 14 7
3 7 14 0
3 8 11 9
3 9 11 0
4 3 4 14
4 8 0 9
4 14 7 0
7 3 0 6
7 6 0 0
% time elapsed: 1.53 s
----------
==========
% time elapsed: 1.53 s
